407999951000000020,1,0
407999951000000001,1,0
407999951000000001,1,0
407999951000000001,0,0
407999951000000001,1,0
407999951000000003,1,0
407999951000000001,1,0
407999951000000002,0,0
407999951000000001,0,0
407999961000000003,1,0
407999961000000001,1,0
407999961000000002,0,0
407999961000000001,1,0
407999961000000002,1,0
407999961000000001,0,0
407999961000000005,1,0
407999961000000002,1,0
407999961000000058,1,0
407999961000000032,1,0
407999971000000004,0,0
407999971000000003,0,0
407999971000000001,1,0
407999971000000013,1,0
407999971000000001,1,0
407999971000000002,1,0
407999971000000001,0,0
407999971000000007,0,0
407999971000000012,0,0
407999971000000001,1,0
407999981000000448,1,0
407999981000000009,0,0
407999981000000004,0,0
407999981000000001,0,0
407999981000000001,1,0
407999981000000026,1,0
407999981000000006,0,0
407999981000000001,1,0
407999981000000012,1,0
407999981000000002,1,0
407999991000000001,1,0
407999991000000001,0,0
407999991000000003,1,0
407999991000000014,0,0
407999991000000002,1,0
407999991000000023,0,0
407999991000000038,1,0
407999991000000002,0,0
407999991000000007,0,0
407999991000000006,1,0